:Product: Daily Solar Data         quar_DSD.txt
:Issued: 2025 UT 07 Jan 2018
#
#  Prepared by the U.S. Dept. of Commerce, NOAA, Space Weather Prediction Center
#  Please send comments and suggestions to SWPC.Webmaster@noaa.gov
#
#                Quarterly Daily Solar Data
#
#                         Sunspot       Stanford GOES15
#           Radio  SESC     Area          Solar  X-Ray  ------ Flares ------
#           Flux  Sunspot  10E-6   New     Mean  Bkgd    X-Ray      Optical
#  Date     10.7cm Number  Hemis. Regions Field  Flux   C  M  X  S  1  2  3
#--------------------------------------------------------------------------- 
2017 10 01   86     34      430      0    -999   A5.4   0  0  0  0  0  0  0
2017 10 02   86     25      400      0    -999   A6.9   0  0  0  0  0  0  0
2017 10 03   86     25      450      0    -999   A5.5   0  0  0  0  0  0  0
2017 10 04   87     27      430      0    -999   A5.8   0  0  0  0  0  0  0
2017 10 05   85     26      400      0    -999   A5.9   1  0  0  0  0  0  0
2017 10 06   84     22      390      0    -999   B1.3   0  0  0  2  0  0  0
2017 10 07   80     11      220      0    -999   A7.5   0  0  0  0  0  0  0
2017 10 08   77      0        0      0    -999   A8.7   0  0  0  0  0  0  0
2017 10 09   72      0        0      0    -999   A7.7   0  0  0  0  0  0  0
2017 10 10   71      0        0      0    -999   A2.1   0  0  0  0  0  0  0
2017 10 11   70      0        0      0    -999   A1.1   0  0  0  0  0  0  0
2017 10 12   70      0        0      0    -999   A1.4   0  0  0  0  0  0  0
2017 10 13   70      0        0      0    -999   A0.0   0  0  0  0  0  0  0
2017 10 14   69      0        0      0    -999   A1.8   0  0  0  0  0  0  0
2017 10 15   70     12       10      1    -999   A2.5   0  0  0  0  0  0  0
2017 10 16   71      0        0      0    -999   A3.4   0  0  0  0  0  0  0
2017 10 17   70      0        0      0    -999   A4.1   0  0  0  0  0  0  0
2017 10 18   73      0        0      0    -999   A5.7   0  0  0  0  0  0  0
2017 10 19   73      0        0      0    -999   A5.3   0  0  0  0  0  0  0
2017 10 20   76      0        0      0    -999   A6.6   0  1  0  0  0  0  0
2017 10 21   77     11       50      1    -999   A7.8   0  0  0  0  0  0  0
2017 10 22   77     13       70      0    -999   A7.4   0  0  0  0  0  0  0
2017 10 23   78     23       90      1    -999   A7.3   0  0  0  0  0  0  0
2017 10 24   78     23       90      0    -999   A7.1   0  0  0  0  0  0  0
2017 10 25   79     24       70      0    -999   A7.7   0  0  0  0  0  0  0
2017 10 26   77     23       50      0    -999   A7.5   0  0  0  0  0  0  0
2017 10 27   76     23       60      0    -999   A6.6   0  0  0  0  0  0  0
2017 10 28   75     22       20      0    -999   A6.0   0  0  0  0  0  0  0
2017 10 29   75     23       20      0    -999   A5.8   0  0  0  0  0  0  0
2017 10 30   76     22       10      0    -999   A5.7   0  0  0  0  0  0  0
2017 10 31   75     11        0      0    -999   A5.5   0  0  0  0  0  0  0
2017 11 01   73      0        0      0    -999   A5.3   0  0  0  0  0  0  0
2017 11 02   74      0        0      0    -999   A5.2   0  0  0  0  0  0  0
2017 11 03   73      0        0      0    -999   A5.4   0  0  0  0  0  0  0
2017 11 04   72      0        0      0    -999   A5.0   0  0  0  0  0  0  0
2017 11 05   71      0        0      0    -999   A4.2   0  0  0  0  0  0  0
2017 11 06   69      0        0      0    -999   A3.7   0  0  0  0  0  0  0
2017 11 07   68      0        0      0    -999   A3.4   0  0  0  0  0  0  0
2017 11 08   68      0        0      0    -999   A3.6   0  0  0  0  0  0  0
2017 11 09   66      0        0      0    -999   A3.9   0  0  0  0  0  0  0
2017 11 10   69      0        0      0    -999   A3.9   0  0  0  0  0  0  0
2017 11 11   67      0        0      0    -999   A4.1   0  0  0  0  0  0  0
2017 11 12   69      0        0      0    -999   A5.4   0  0  0  0  0  0  0
2017 11 13   72      0        0      0    -999   A6.9   0  0  0  0  0  0  0
2017 11 14   74     14       50      1    -999   A6.7   0  0  0  3  0  0  0
2017 11 15   74     14       90      0    -999   A6.5   0  0  0  0  0  0  0
2017 11 16   73     15       90      0    -999   A5.9   0  0  0  0  0  0  0
2017 11 17   76     26       70      1    -999   A6.3   0  0  0  0  0  0  0
2017 11 18   76     14       30      0    -999   A6.0   0  0  0  0  0  0  0
2017 11 19   74      0        0      0    -999   A5.7   0  0  0  0  0  0  0
2017 11 20   74      0        0      0    -999   A5.2   0  0  0  0  0  0  0
2017 11 21   73      0        0      0    -999   A5.2   0  0  0  0  0  0  0
2017 11 22   73      0        0      0    -999   A5.2   0  0  0  0  0  0  0
2017 11 23   72      0        0      0    -999   A5.0   0  0  0  0  0  0  0
2017 11 24   74      0        0      0    -999   A4.8   0  0  0  0  0  0  0
2017 11 25   74     13       20      1    -999   A5.4   0  0  0  0  0  0  0
2017 11 26   76     15       60      0    -999   A5.9   0  0  0  0  0  0  0
2017 11 27   74     15       60      0    -999   A5.2   0  0  0  0  0  0  0
2017 11 28   72     14       60      0    -999   A4.6   0  0  0  0  0  0  0
2017 11 29   73     12       40      0    -999   A4.5   0  0  0  0  0  0  0
2017 11 30   72     11       40      0    -999   A4.2   0  0  0  0  0  0  0
2017 12 01   70      0        0      0    -999   A4.0   0  0  0  0  0  0  0
2017 12 02   72      0        0      0    -999   A3.8   0  0  0  0  0  0  0
2017 12 03   70      0        0      0    -999   A3.4   0  0  0  0  0  0  0
2017 12 04   68      0        0      0    -999   A3.1   0  0  0  0  0  0  0
2017 12 05   68      0        0      0    -999   A3.1   0  0  0  0  0  0  0
2017 12 06   68     13       10      1    -999   A3.3   0  0  0  0  0  0  0
2017 12 07   68     11       10      0    -999   A3.5   0  0  0  0  0  0  0
2017 12 08   70      0        0      0    -999   A3.3   0  0  0  0  0  0  0
2017 12 09   71      0        0      0    -999   A3.7   0  0  0  0  0  0  0
2017 12 10   72     11       10      1    -999   A4.5   0  0  0  0  0  0  0
2017 12 11   72     13       10      0    -999   A4.3   0  0  0  0  0  0  0
2017 12 12   71     13       10      0    -999   A4.1   0  0  0  0  0  0  0
2017 12 13   72      0        0      0    -999   A4.0   0  0  0  0  0  0  0
2017 12 14   72      0        0      0    -999   A4.1   0  0  0  0  0  0  0
2017 12 15   72      0        0      0    -999   A3.9   0  0  0  0  0  0  0
2017 12 16   71      0        0      0    -999   A3.8   0  0  0  0  0  0  0
2017 12 17   71      0        0      0    -999   A3.9   0  0  0  0  0  0  0
2017 12 18   72      0        0      0    -999   A4.0   0  0  0  0  0  0  0
2017 12 19   69      0        0      0    -999   A4.1   0  0  0  0  0  0  0
2017 12 20   74     16       70      1    -999   A5.6   0  0  0  0  0  0  0
2017 12 21   76     18       70      0    -999   A5.8   0  0  0  0  0  0  0
2017 12 22   75     18       70      0    -999   A6.0   0  0  0  0  0  0  0
2017 12 23   76     22       90      0    -999   A5.7   0  0  0  1  0  0  0
2017 12 24   76     22      160      0    -999   A5.7   0  0  0  0  0  0  0
2017 12 25   76     17      100      0    -999   A5.4   0  0  0  0  0  0  0
2017 12 26   72     14       30      0    -999   A5.0   0  0  0  0  0  0  0
2017 12 27   71     11       10      0    -999   A4.8   0  0  0  0  0  0  0
2017 12 28   71      0        0      0    -999   A4.5   0  0  0  0  0  0  0
2017 12 29   72      0        0      0    -999   A4.4   0  0  0  0  0  0  0
2017 12 30   70      0        0      0    -999   A4.0   0  0  0  0  0  0  0
2017 12 31   71      0        0      0    -999   A3.8   0  0  0  0  0  0  0
