:Product: Daily Solar Data         quar_DSD.txt
:Issued: 2025 UT 07 Jan 2019
#
#  Prepared by the U.S. Dept. of Commerce, NOAA, Space Weather Prediction Center
#  Please send comments and suggestions to SWPC.Webmaster@noaa.gov
#
#                Quarterly Daily Solar Data
#
#                         Sunspot       Stanford GOES15
#           Radio  SESC     Area          Solar  X-Ray  ------ Flares ------
#           Flux  Sunspot  10E-6   New     Mean  Bkgd    X-Ray      Optical
#  Date     10.7cm Number  Hemis. Regions Field  Flux   C  M  X  S  1  2  3
#--------------------------------------------------------------------------- 
2018 10 01   70     14       30      0    -999   A0.0   0  0  0  0  0  0  0
2018 10 02   67     14       30      0    -999   A0.0   0  0  0  0  0  0  0
2018 10 03   68     12       10      0    -999   A0.0   0  0  0  0  0  0  0
2018 10 04   67     11       10      0    -999   A0.0   0  0  0  0  0  0  0
2018 10 05   69      0        0      0    -999   A0.0   0  0  0  0  0  0  0
2018 10 06   69      0        0      0    -999   A0.0   0  0  0  0  0  0  0
2018 10 07   68      0        0      0    -999   A0.0   0  0  0  0  0  0  0
2018 10 08   69      0        0      0    -999   A0.0   0  0  0  0  0  0  0
2018 10 09   70      0        0      0    -999   A0.0   0  0  0  0  0  0  0
2018 10 10   70      0        0      0    -999   A0.0   0  0  0  0  0  0  0
2018 10 11   71      0        0      0    -999   A0.0   0  0  0  0  0  0  0
2018 10 12   72     11       20      1    -999   A0.0   0  0  0  1  0  0  0
2018 10 13   72     22       20      1    -999   A0.0   0  0  0  1  0  0  0
2018 10 14   72     22       20      0    -999   A0.0   0  0  0  0  0  0  0
2018 10 15   70     11        0      0    -999   A0.0   0  0  0  0  0  0  0
2018 10 16   70     11        0      0    -999   A0.0   0  0  0  0  0  0  0
2018 10 17   70     11        0      0    -999   A0.0   0  0  0  0  0  0  0
2018 10 18   70      0        0      0    -999   A0.0   0  0  0  0  0  0  0
2018 10 19   70      0        0      0    -999   A0.0   0  0  0  0  0  0  0
2018 10 20   70      0        0      0    -999   A0.0   0  0  0  0  0  0  0
2018 10 21   71      0        0      0    -999   A0.0   0  0  0  0  0  0  0
2018 10 22   71      0        0      0    -999   A0.0   0  0  0  0  0  0  0
2018 10 23   72      0        0      0    -999   A0.0   0  0  0  0  0  0  0
2018 10 24   70      0        0      0    -999   A0.0   0  0  0  0  0  0  0
2018 10 25   69      0        0      0    -999   A0.0   0  0  0  0  0  0  0
2018 10 26   69      0        0      0    -999   A0.0   0  0  0  0  0  0  0
2018 10 27   69      0        0      0    -999   A0.0   0  0  0  0  0  0  0
2018 10 28   68      0        0      0    -999   A0.0   0  0  0  0  0  0  0
2018 10 29   69      0        0      0    -999   A0.0   0  0  0  0  0  0  0
2018 10 30   67      0        0      0    -999   A0.0   0  0  0  0  0  0  0
2018 10 31   68      0        0      0    -999   A0.0   0  0  0  0  0  0  0
2018 11 01   67      0        0      0    -999   A0.0   0  0  0  0  0  0  0
2018 11 02   68      0        0      0    -999   A0.0   0  0  0  0  0  0  0
2018 11 03   67      0        0      0    -999   A0.0   0  0  0  0  0  0  0
2018 11 04   67      0        0      0    -999   A0.0   0  0  0  0  0  0  0
2018 11 05   68      0        0      0    -999   A0.0   0  0  0  0  0  0  0
2018 11 06   69      0        0      0    -999   A1.2   0  0  0  0  0  0  0
2018 11 07   69      0        0      0    -999   A1.1   0  0  0  0  0  0  0
2018 11 08   70      0        0      0    -999   A1.1   0  0  0  0  0  0  0
2018 11 09   69      0        0      0    -999   A1.1   0  0  0  0  0  0  0
2018 11 10   69      0        0      0    -999   A0.0   0  0  0  0  0  0  0
2018 11 11   69      0        0      0    -999   A1.0   0  0  0  0  0  0  0
2018 11 12   68      0        0      1    -999   A0.0   0  0  0  0  0  0  0
2018 11 13   67     11       10      0    -999   A0.0   0  0  0  0  0  0  0
2018 11 14   68     11       10      0    -999   A0.0   0  0  0  0  0  0  0
2018 11 15   68     13       20      1    -999   A0.0   0  0  0  0  0  0  0
2018 11 16   71     14       20      0    -999   A1.0   0  0  0  0  0  0  0
2018 11 17   73     13       60      0    -999   A1.7   0  0  0  0  0  0  0
2018 11 18   72     14       60      0    -999   A1.5   0  0  0  0  0  0  0
2018 11 19   71     12       10      0    -999   A1.2   0  0  0  0  0  0  0
2018 11 20   71      0        0      0    -999   A1.1   0  0  0  0  0  0  0
2018 11 21   69      0        0      0    -999   A1.2   0  0  0  0  0  0  0
2018 11 22   69      0        0      0    -999   A1.1   0  0  0  0  0  0  0
2018 11 23   69      0        0      0    -999   A1.0   0  0  0  0  0  0  0
2018 11 24   70     14       20      1    -999   A1.0   0  0  0  0  0  0  0
2018 11 25   70     15       20      0    -999   A1.0   0  0  0  0  0  0  0
2018 11 26   69      0        0      0    -999   A1.1   0  0  0  0  0  0  0
2018 11 27   68      0        0      0    -999   A1.0   0  0  0  0  0  0  0
2018 11 28   68      0        0      0    -999   A0.0   0  0  0  0  0  0  0
2018 11 29   68      0        0      0    -999   A0.0   0  0  0  0  0  0  0
2018 11 30   68      0        0      0    -999   A0.0   0  0  0  0  0  0  0
2018 12 01   69      0        0      0    -999   A0.0   0  0  0  0  0  0  0
2018 12 02   69      0        0      0    -999   A0.0   0  0  0  0  0  0  0
2018 12 03   68      0        0      0    -999   A0.0   0  0  0  0  0  0  0
2018 12 04   69      0        0      0    -999   A0.0   0  0  0  0  0  0  0
2018 12 05   71     16       30      1    -999   A1.9   0  0  0  0  0  0  0
2018 12 06   70     17       50      0    -999   A1.9   0  0  0  0  0  0  0
2018 12 07   70     16       50      0    -999   A1.7   0  0  0  0  0  0  0
2018 12 08   71     12       10      0    -999   A2.3   0  0  0  0  0  0  0
2018 12 09   72     12       10      0    -999   A4.6   0  0  0  0  0  0  0
2018 12 10   71      0        0      0    -999   A2.4   0  0  0  0  0  0  0
2018 12 11   71     11       10      1    -999   A1.3   0  0  0  0  0  0  0
2018 12 12   71      0        0      0    -999   A1.2   0  0  0  0  0  0  0
2018 12 13   70      0        0      0    -999   A1.0   0  0  0  0  0  0  0
2018 12 14   71     12       10      1    -999   A1.1   0  0  0  0  0  0  0
2018 12 15   71     12       10      0    -999   A1.2   0  0  0  0  0  0  0
2018 12 16   70      0        0      0    -999   A1.1   0  0  0  0  0  0  0
2018 12 17   70      0        0      0    -999   A0.0   0  0  0  0  0  0  0
2018 12 18   70      0        0      0    -999   A1.0   0  0  0  0  0  0  0
2018 12 19   70      0        0      0    -999   A1.0   0  0  0  0  0  0  0
2018 12 20   70      0        0      0    -999   A1.2   0  0  0  0  0  0  0
2018 12 21   71      0        0      0    -999   A1.0   0  0  0  0  0  0  0
2018 12 22   71      0        0      0    -999   A0.0   0  0  0  0  0  0  0
2018 12 23   70      0        0      0    -999   A0.0   0  0  0  0  0  0  0
2018 12 24   70      0        0      0    -999   A0.0   0  0  0  0  0  0  0
2018 12 25   70      0        0      0    -999   A0.0   0  0  0  0  0  0  0
2018 12 26   69      0        0      0    -999   A0.0   0  0  0  0  0  0  0
2018 12 27   69      0        0      0    -999   A0.0   0  0  0  0  0  0  0
2018 12 28   69      0        0      0    -999   A1.0   0  0  0  0  0  0  0
2018 12 29   69      0        0      0    -999   A1.1   0  0  0  0  0  0  0
2018 12 30   69      0        0      0    -999   A1.1   0  0  0  0  0  0  0
2018 12 31   69      0        0      0    -999   A1.0   0  0  0  0  0  0  0
