:Product: Daily Solar Data         quar_DSD.txt
:Issued: 2025 UT 07 Apr 2018
#
#  Prepared by the U.S. Dept. of Commerce, NOAA, Space Weather Prediction Center
#  Please send comments and suggestions to SWPC.Webmaster@noaa.gov
#
#                Quarterly Daily Solar Data
#
#                         Sunspot       Stanford GOES15
#           Radio  SESC     Area          Solar  X-Ray  ------ Flares ------
#           Flux  Sunspot  10E-6   New     Mean  Bkgd    X-Ray      Optical
#  Date     10.7cm Number  Hemis. Regions Field  Flux   C  M  X  S  1  2  3
#--------------------------------------------------------------------------- 
2018 01 01   69      0        0      0    -999   A3.5   0  0  0  0  0  0  0
2018 01 02   70      0        0      0    -999   A3.2   0  0  0  0  0  0  0
2018 01 03   71      0        0      0    -999   A3.1   0  0  0  0  0  0  0
2018 01 04   70     13       20      1    -999   A3.1   0  0  0  0  0  0  0
2018 01 05   69     11       10      0    -999   A2.8   0  0  0  0  0  0  0
2018 01 06   69     11       10      0    -999   A2.7   0  0  0  0  0  0  0
2018 01 07   70     11       10      0    -999   A2.7   0  0  0  0  0  0  0
2018 01 08   70     13       10      1    -999   A2.8   0  0  0  0  0  0  0
2018 01 09   71     13       10      0    -999   A3.0   0  0  0  0  0  0  0
2018 01 10   70     11       10      0    -999   A3.2   0  0  0  0  0  0  0
2018 01 11   71     12       10      1    -999   A3.1   0  0  0  0  0  0  0
2018 01 12   71      0        0      0    -999   A3.1   0  0  0  0  0  0  0
2018 01 13   71      0        0      0    -999   A3.0   0  0  0  0  0  0  0
2018 01 14   71      0        0      0    -999   A3.0   0  0  0  0  0  0  0
2018 01 15   70     12       20      1    -999   A3.3   0  0  0  0  0  0  0
2018 01 16   71     13       30      0    -999   A3.5   0  0  0  0  0  0  0
2018 01 17   71     12       20      0    -999   A3.5   0  0  0  0  0  0  0
2018 01 18   71     12       10      0    -999   A3.6   0  0  0  2  0  0  0
2018 01 19   71     11       10      0    -999   A3.2   0  0  0  0  0  0  0
2018 01 20   70      0        0      0    -999   A3.1   0  0  0  0  0  0  0
2018 01 21   68      0        0      0    -999   A2.9   0  0  0  0  0  0  0
2018 01 22   70      0        0      0    -999   A2.7   0  0  0  1  0  0  0
2018 01 23   71      0        0      0    -999   A2.7   0  0  0  0  0  0  0
2018 01 24   70      0        0      0    -999   A2.5   0  0  0  0  0  0  0
2018 01 25   70      0        0      0    -999   A2.3   0  0  0  0  0  0  0
2018 01 26   70      0        0      0    -999   A2.4   0  0  0  0  0  0  0
2018 01 27   69      0        0      0    -999   A2.3   0  0  0  0  0  0  0
2018 01 28   69      0        0      0    -999   A2.1   0  0  0  0  0  0  0
2018 01 29   68      0        0      0    -999   A2.0   0  0  0  0  0  0  0
2018 01 30   69     13       10      1    -999   A2.1   0  0  0  0  0  0  0
2018 01 31   69     13        0      0    -999   A2.1   0  0  0  0  0  0  0
2018 02 01   69      0        0      0    -999   A2.3   0  0  0  0  0  0  0
2018 02 02   69     11       10      1    -999   A2.4   0  0  0  0  0  0  0
2018 02 03   69      0        0      0    -999   A3.4   0  0  0  0  0  0  0
2018 02 04   73     11       80      1    -999   A3.7   1  0  0  3  1  0  0
2018 02 05   74     13      130      0    -999   A9.5   0  0  0  9  0  0  0
2018 02 06   77     17      160      0    -999   A6.6   1  0  0  5  0  0  0
2018 02 07   77     20      200      0    -999   A6.1   2  0  0  8  0  0  0
2018 02 08   78     22      200      0    -999   A6.1   0  0  0  6  1  0  0
2018 02 09   78     23      210      0    -999   A5.5   0  0  0  4  0  0  0
2018 02 10   78     35      240      0    -999   A6.4   1  0  0  1  0  0  0
2018 02 11   78     24      230      0    -999   A6.3   0  0  0  0  0  0  0
2018 02 12   79     26      230      0    -999   B1.0   1  0  0  0  0  0  0
2018 02 13   76     20      180      0    -999   A5.8   0  0  0  0  0  0  0
2018 02 14   75     18      140      0    -999   A5.0   0  0  0  0  0  0  0
2018 02 15   73     15      100      0    -999   A4.7   0  0  0  0  0  0  0
2018 02 16   72     12       40      0    -999   A4.3   0  0  0  0  0  0  0
2018 02 17   69     12       40      0    -999   A4.3   0  0  0  0  0  0  0
2018 02 18   70      0        0      0    -999   A3.6   0  0  0  0  0  0  0
2018 02 19   69      0        0      0    -999   A2.9   0  0  0  0  0  0  0
2018 02 20   68      0        0      0    -999   A2.4   0  0  0  0  0  0  0
2018 02 21   68      0        0      0    -999   A2.4   0  0  0  0  0  0  0
2018 02 22   68      0        0      0    -999   A2.2   0  0  0  0  0  0  0
2018 02 23   68      0        0      0    -999   A2.2   0  0  0  0  0  0  0
2018 02 24   68      0        0      0    -999   A2.1   0  0  0  0  0  0  0
2018 02 25   67      0        0      0    -999   A2.0   0  0  0  0  0  0  0
2018 02 26   70     16       30      1    -999   A2.3   0  0  0  1  0  0  0
2018 02 27   68     15       10      0    -999   A0.0   0  0  0  0  0  0  0
2018 02 28   69     11       10      0    -999   A0.0   0  0  0  1  0  0  0
2018 03 01   67      0        0      0    -999   A0.0   0  0  0  0  0  0  0
2018 03 02   68     11       10      0    -999   A0.0   1  0  0  1  0  0  0
2018 03 03   68      0        0      0    -999   A0.0   0  0  0  0  0  0  0
2018 03 04   68      0        0      0    -999   A0.0   0  0  0  0  0  0  0
2018 03 05   68      0        0      0    -999   A0.0   0  0  0  0  0  0  0
2018 03 06   68      0        0      0    -999   A0.0   0  0  0  0  0  0  0
2018 03 07   68      0        0      0    -999   A0.0   0  0  0  0  0  0  0
2018 03 08   67      0        0      0    -999   A0.0   0  0  0  0  0  0  0
2018 03 09   68      0        0      0    -999   A0.0   0  0  0  0  0  0  0
2018 03 10   68      0        0      0    -999   A0.0   0  0  0  0  0  0  0
2018 03 11   68      0        0      0    -999   A0.0   0  0  0  0  0  0  0
2018 03 12   68      0        0      0    -999   A0.0   0  0  0  0  0  0  0
2018 03 13   69      0        0      0    -999   A0.0   0  0  0  0  0  0  0
2018 03 14   68      0        0      0    -999   A0.0   0  0  0  0  0  0  0
2018 03 15   69     11       10      1    -999   A0.0   0  0  0  0  0  0  0
2018 03 16   69      0        0      0    -999   A0.0   0  0  0  0  0  0  0
2018 03 17   70     15       10      1    -999   A0.0   0  0  0  0  0  0  0
2018 03 18   69     13       10      0    -999   A0.0   0  0  0  0  0  0  0
2018 03 19   70      0        0      0    -999   A0.0   0  0  0  0  0  0  0
2018 03 20   69      0        0      0    -999   A0.0   0  0  0  0  0  0  0
2018 03 21   69      0        0      0    -999   A0.0   0  0  0  0  0  0  0
2018 03 22   69      0        0      0    -999   A0.0   0  0  0  0  0  0  0
2018 03 23   68      0        0      0    -999   A0.0   0  0  0  0  0  0  0
2018 03 24   68      0        0      0    -999   A0.0   0  0  0  0  0  0  0
2018 03 25   68      0        0      0    -999   A0.0   0  0  0  0  0  0  0
2018 03 26   68      0        0      0    -999   A0.0   0  0  0  0  0  0  0
2018 03 27   68      0        0      0    -999   A0.0   0  0  0  0  0  0  0
2018 03 28   69      0        0      0    -999   A0.0   0  0  0  0  0  0  0
2018 03 29   69      0        0      0    -999   A0.0   0  0  0  0  0  0  0
2018 03 30   69     11       10      1    -999   A0.0   1  0  0  4  0  0  0
2018 03 31   69     12       10      0    -999   A2.0   0  0  0  1  0  0  0
