:Product: Daily Solar Data         quar_DSD.txt
:Issued: 2025 UT 07 Oct 2018
#
#  Prepared by the U.S. Dept. of Commerce, NOAA, Space Weather Prediction Center
#  Please send comments and suggestions to SWPC.Webmaster@noaa.gov
#
#                Quarterly Daily Solar Data
#
#                         Sunspot       Stanford GOES15
#           Radio  SESC     Area          Solar  X-Ray  ------ Flares ------
#           Flux  Sunspot  10E-6   New     Mean  Bkgd    X-Ray      Optical
#  Date     10.7cm Number  Hemis. Regions Field  Flux   C  M  X  S  1  2  3
#--------------------------------------------------------------------------- 
2018 07 01   68      0        0      0    -999   A1.4   0  0  0  0  0  0  0
2018 07 02   67      0        0      0    -999   A1.5   0  0  0  0  0  0  0
2018 07 03   68      0        0      0    -999   A1.4   0  0  0  0  0  0  0
2018 07 04   68      0        0      0    -999   A1.0   0  0  0  0  0  0  0
2018 07 05   68      0        0      0    -999   A0.0   0  0  0  0  0  0  0
2018 07 06   71      0        0      0    -999   A1.8   1  0  0  0  0  0  0
2018 07 07   72      0        0      0    -999   A3.7   0  0  0  0  0  0  0
2018 07 08   72      0        0      0    -999   A3.7   0  0  0  0  0  0  0
2018 07 09   73      0        0      0    -999   A3.2   0  0  0  0  0  0  0
2018 07 10   72      0        0      0    -999   A2.7   0  0  0  0  0  0  0
2018 07 11   73      0        0      0    -999   A2.9   0  0  0  0  0  0  0
2018 07 12   72      0        0      0    -999   A2.2   0  0  0  0  0  0  0
2018 07 13   73      0        0      0    -999   A3.1   0  0  0  0  0  0  0
2018 07 14   72      0        0      0    -999   A3.2   0  0  0  0  0  0  0
2018 07 15   72      0        0      0    -999   A2.9   0  0  0  0  0  0  0
2018 07 16   72      0        0      0    -999   A2.8   0  0  0  0  0  0  0
2018 07 17   71      0        0      0    -999   A2.5   0  0  0  0  0  0  0
2018 07 18   71      0        0      0    -999   A2.4   0  0  0  0  0  0  0
2018 07 19   71      0        0      0    -999   A2.4   0  0  0  0  0  0  0
2018 07 20   71      0        0      0    -999   A2.1   0  0  0  0  0  0  0
2018 07 21   70     11       10      1    -999   A2.2   0  0  0  0  0  0  0
2018 07 22   68      0        0      0    -999   A1.7   0  0  0  0  0  0  0
2018 07 23   67      0        0      0    -999   A1.0   0  0  0  0  0  0  0
2018 07 24   67      0        0      0    -999   A0.0   0  0  0  0  0  0  0
2018 07 25   66      0        0      0    -999   A1.0   0  0  0  0  0  0  0
2018 07 26   66      0        0      0    -999   A0.0   0  0  0  0  0  0  0
2018 07 27   67      0        0      0    -999   A0.0   0  0  0  0  0  0  0
2018 07 28   68      0        0      0    -999   A0.0   0  0  0  0  0  0  0
2018 07 29   68      0        0      0    -999   A0.0   0  0  0  0  0  0  0
2018 07 30   68      0        0      0    -999   A0.0   0  0  0  0  0  0  0
2018 07 31   69      0        0      0    -999   A0.0   0  0  0  0  0  0  0
2018 08 01   70     11       10      1    -999   A0.0   0  0  0  0  0  0  0
2018 08 02   70     11       10      0    -999   A0.0   0  0  0  0  0  0  0
2018 08 03   70      0        0      0    -999   A1.5   0  0  0  0  0  0  0
2018 08 04   70      0        0      0    -999   A1.6   0  0  0  0  0  0  0
2018 08 05   69      0        0      0    -999   A1.2   0  0  0  0  0  0  0
2018 08 06   69      0        0      0    -999   A1.2   0  0  0  0  0  0  0
2018 08 07   70      0        0      0    -999   A1.2   0  0  0  0  0  0  0
2018 08 08   70      0        0      0    -999   A1.3   0  0  0  0  0  0  0
2018 08 09   70      0        0      0    -999   A1.1   0  0  0  0  0  0  0
2018 08 10   70      0        0      0    -999   A1.2   0  0  0  0  0  0  0
2018 08 11   67      0        0      0    -999   A1.1   0  0  0  0  0  0  0
2018 08 12   68      0        0      0    -999   A1.0   0  0  0  0  0  0  0
2018 08 13   68      0        0      0    -999   A1.0   0  0  0  0  0  0  0
2018 08 14   69     12       10      1    -999   A1.6   0  0  0  0  0  0  0
2018 08 15   69     12       10      0    -999   A1.4   0  0  0  0  0  0  0
2018 08 16   68     12       10      0    -999   A1.4   0  0  0  0  0  0  0
2018 08 17   67     11       20      0    -999   A1.3   0  0  0  0  0  0  0
2018 08 18   67     11       10      0    -999   A1.3   0  0  0  0  0  0  0
2018 08 19   67     15       10      1    -999   A1.2   0  0  0  0  0  0  0
2018 08 20   68     15       10      0    -999   A1.0   0  0  0  0  0  0  0
2018 08 21   68     15       10      0    -999   A1.3   0  0  0  0  0  0  0
2018 08 22   67     12       10      0    -999   A0.0   0  0  0  0  0  0  0
2018 08 23   70     15       40      0    -999   A0.0   0  0  0  0  0  0  0
2018 08 24   72     29       60      1    -999   A0.0   0  0  0  1  0  0  0
2018 08 25   72     31      130      0    -999   A1.9   0  0  0  2  0  0  0
2018 08 26   71     26       70      0    -999   A1.2   0  0  0  0  0  0  0
2018 08 27   70     12       50      0    -999   A1.2   0  0  0  0  0  0  0
2018 08 28   70     11       10      0    -999   A1.5   0  0  0  0  0  0  0
2018 08 29   71      0        0      0    -999   A1.2   0  0  0  0  0  0  0
2018 08 30   68      0        0      0    -999   A1.2   0  0  0  0  0  0  0
2018 08 31   68      0        0      0    -999   A0.0   0  0  0  0  0  0  0
2018 09 01   68      0        0      0    -999   A0.0   0  0  0  0  0  0  0
2018 09 02   68      0        0      0    -999   A0.0   0  0  0  0  0  0  0
2018 09 03   68      0        0      0    -999   A0.0   0  0  0  0  0  0  0
2018 09 04   68      0        0      0    -999   A0.0   0  0  0  0  0  0  0
2018 09 05   68      0        0      0    -999   A0.0   0  0  0  0  0  0  0
2018 09 06   67      0        0      0    -999   A0.0   0  0  0  0  0  0  0
2018 09 07   68      0        0      0    -999   A0.0   0  0  0  0  0  0  0
2018 09 08   69     16       10      1    -999   A0.0   0  0  0  0  0  0  0
2018 09 09   68     12       10      0    -999   A0.0   0  0  0  0  0  0  0
2018 09 10   69      0        0      0    -999   A0.0   0  0  0  0  0  0  0
2018 09 11   69     14       10      1    -999   A0.0   0  0  0  0  0  0  0
2018 09 12   70     11        0      0    -999   A0.0   0  0  0  0  0  0  0
2018 09 13   70      0        0      0    -999   A0.0   0  0  0  0  0  0  0
2018 09 14   69      0        0      0    -999   A0.0   0  0  0  0  0  0  0
2018 09 15   69      0        0      0    -999   A0.0   0  0  0  0  0  0  0
2018 09 16   69      0        0      0    -999   A0.0   0  0  0  0  0  0  0
2018 09 17   68      0        0      0    -999   A0.0   0  0  0  0  0  0  0
2018 09 18   68      0        0      0    -999   A0.0   0  0  0  0  0  0  0
2018 09 19   68      0        0      0    -999   A0.0   0  0  0  0  0  0  0
2018 09 20   67      0        0      0    -999   A0.0   0  0  0  0  0  0  0
2018 09 21   67      0        0      0    -999   A0.0   0  0  0  0  0  0  0
2018 09 22   68      0        0      0    -999   A0.0   0  0  0  0  0  0  0
2018 09 23   68      0        0      0    -999   A0.0   0  0  0  0  0  0  0
2018 09 24   69      0        0      0    -999   A0.0   0  0  0  0  0  0  0
2018 09 25   68      0        0      0    -999   A0.0   0  0  0  0  0  0  0
2018 09 26   69      0        0      0    -999   A0.0   0  0  0  0  0  0  0
2018 09 27   67      0        0      0    -999   A0.0   0  0  0  0  0  0  0
2018 09 28   69      0        0      0    -999   A0.0   0  0  0  0  0  0  0
2018 09 29   69     13       10      1    -999   A0.0   0  0  0  0  0  0  0
2018 09 30   68     14       30      0    -999   A0.0   0  0  0  0  0  0  0
