:Product: Daily Solar Data         quar_DSD.txt
:Issued: 2025 UT 07 Jul 2018
#
#  Prepared by the U.S. Dept. of Commerce, NOAA, Space Weather Prediction Center
#  Please send comments and suggestions to SWPC.Webmaster@noaa.gov
#
#                Quarterly Daily Solar Data
#
#                         Sunspot       Stanford GOES15
#           Radio  SESC     Area          Solar  X-Ray  ------ Flares ------
#           Flux  Sunspot  10E-6   New     Mean  Bkgd    X-Ray      Optical
#  Date     10.7cm Number  Hemis. Regions Field  Flux   C  M  X  S  1  2  3
#--------------------------------------------------------------------------- 
2018 04 01   69      0        0      0    -999   A0.0   0  0  0  1  0  0  0
2018 04 02   68      0        0      0    -999   A0.0   0  0  0  0  0  0  0
2018 04 03   68      0        0      0    -999   A0.0   0  0  0  3  0  0  0
2018 04 04   69      0        0      0    -999   A0.0   0  0  0  0  0  0  0
2018 04 05   66      0        0      0    -999   A0.0   0  0  0  0  0  0  0
2018 04 06   67      0        0      0    -999   A0.0   0  0  0  0  0  0  0
2018 04 07   67      0        0      0    -999   A0.0   0  0  0  0  0  0  0
2018 04 08   68      0        0      0    -999   A0.0   0  0  0  0  0  0  0
2018 04 09   69      0        0      0    -999   A0.0   0  0  0  0  0  0  0
2018 04 10   69      0        0      0    -999   A0.0   0  0  0  0  0  0  0
2018 04 11   68      0        0      0    -999   A1.2   0  0  0  0  0  0  0
2018 04 12   70     13       30      1    -999   A1.9   0  0  0  0  0  0  0
2018 04 13   70     14       30      0    -999   A2.1   0  0  0  0  0  0  0
2018 04 14   70     11       10      0    -999   A1.7   0  0  0  0  0  0  0
2018 04 15   71      0        0      0    -999   A1.9   0  0  0  0  0  0  0
2018 04 16   69      0        0      1    -999   A1.5   0  0  0  0  0  0  0
2018 04 17   69      0        0      0    -999   A1.6   0  0  0  0  0  0  0
2018 04 18   71      0        0      0    -999   A2.7   0  0  0  0  0  0  0
2018 04 19   71     14       20      1    -999   A3.7   0  0  0  0  0  0  0
2018 04 20   73     14       40      0    -999   A5.7   0  0  0  1  0  0  0
2018 04 21   77     34      120      1    -999   A6.2   0  0  0  1  0  0  0
2018 04 22   76     20      130      0    -999   A5.3   0  0  0  0  0  0  0
2018 04 23   74     22       80      0    -999   A4.7   0  0  0  0  0  0  0
2018 04 24   73     19       50      0    -999   A4.3   0  0  0  1  0  0  0
2018 04 25   71     17       50      0    -999   A3.4   0  0  0  0  0  0  0
2018 04 26   69     14       20      0    -999   A3.1   0  0  0  0  0  0  0
2018 04 27   69     11       10      0    -999   A2.5   0  0  0  0  0  0  0
2018 04 28   70      0        0      0    -999   A2.6   0  0  0  0  0  0  0
2018 04 29   71      0        0      0    -999   A2.6   0  0  0  0  0  0  0
2018 04 30   70      0        0      0    -999   A2.5   0  0  0  0  0  0  0
2018 05 01   68      0        0      0    -999   A2.2   0  0  0  0  0  0  0
2018 05 02   67      0        0      0    -999   A1.7   0  0  0  0  0  0  0
2018 05 03   67      0        0      0    -999   A1.3   0  0  0  0  0  0  0
2018 05 04   68     13       30      1    -999   A1.5   0  0  0  0  0  0  0
2018 05 05   68     14       10      0    -999   A1.7   0  0  0  0  0  0  0
2018 05 06   67     14       10      0    -999   A2.2   0  0  0  0  0  0  0
2018 05 07   70     14       10      0    -999   A2.6   0  0  0  0  0  0  0
2018 05 08   70     25       20      1    -999   A2.4   0  0  0  0  0  0  0
2018 05 09   70     22       20      0    -999   A2.7   0  0  0  0  0  0  0
2018 05 10   70     11       10      0    -999   A2.9   0  0  0  0  0  0  0
2018 05 11   70     11       10      0    -999   A2.2   0  0  0  0  0  0  0
2018 05 12   70     12       10      0    -999   A2.0   0  0  0  0  0  0  0
2018 05 13   71     11       10      0    -999   A1.9   0  0  0  0  0  0  0
2018 05 14   70      0        0      0    -999   A1.8   0  0  0  0  0  0  0
2018 05 15   70      0        0      0    -999   A1.5   0  0  0  0  0  0  0
2018 05 16   70      0        0      0    -999   A1.0   0  0  0  0  0  0  0
2018 05 17   69      0        0      0    -999   A0.0   0  0  0  0  0  0  0
2018 05 18   69      0        0      0    -999   A0.0   0  0  0  0  0  0  0
2018 05 19   70      0        0      0    -999   A0.0   0  0  0  0  0  0  0
2018 05 20   69      0        0      0    -999   A0.0   0  0  0  0  0  0  0
2018 05 21   70     12       20      1    -999   A1.0   0  0  0  1  0  0  0
2018 05 22   71     12       20      0    -999   A2.4   0  0  0  0  0  0  0
2018 05 23   73     30       50      1    -999   A5.1   1  0  0  0  0  0  0
2018 05 24   74     39      140      1    -999   A4.4   0  0  0  3  0  0  0
2018 05 25   76     32       80      0    -999   A5.3   0  0  0  3  0  0  0
2018 05 26   73     26       70      0    -999   A4.5   0  0  0  0  0  0  0
2018 05 27   75     27       50      0    -999   A4.1   0  0  0  1  0  0  0
2018 05 28   77     20       80      0    -999   A4.8   1  0  0  7  0  0  0
2018 05 29   75     22       70      0    -999   A4.1   0  0  0  2  0  0  0
2018 05 30   75     18       30      0    -999   A3.7   0  0  0  0  0  0  0
2018 05 31   77     21       50      0    -999   A6.0   0  0  0  2  0  0  0
2018 06 01   75     22       60      0    -999   A6.7   0  0  0  1  0  0  0
2018 06 02   74     20       30      0    -999   A5.0   0  0  0  1  0  0  0
2018 06 03   74     16       10      0    -999   A4.4   0  0  0  1  0  0  0
2018 06 04   71     11       10      0    -999   A4.1   0  0  0  0  0  0  0
2018 06 05   71      0        0      0    -999   A4.2   0  0  0  0  0  0  0
2018 06 06   71      0        0      0    -999   A2.8   1  0  0  0  0  0  0
2018 06 07   69      0        0      0    -999   A0.0   0  0  0  0  0  0  0
2018 06 08   68      0        0      0    -999   A0.0   0  0  0  0  0  0  0
2018 06 09   67      0        0      0    -999   A0.0   0  0  0  0  0  0  0
2018 06 10   70      0        0      0    -999   A1.0   0  0  0  0  0  0  0
2018 06 11   70      0        0      0    -999   A2.3   0  0  0  0  0  0  0
2018 06 12   70     12       10      1    -999   A2.6   0  0  0  0  0  0  0
2018 06 13   71     16       60      0    -999   A3.0   0  0  0  0  0  0  0
2018 06 14   72     16       30      0    -999   A2.7   0  0  0  0  0  0  0
2018 06 15   71     13       10      0    -999   A2.5   0  0  0  1  0  0  0
2018 06 16   71     13       10      0    -999   A2.1   0  0  0  0  0  0  0
2018 06 17   71     15       20      0    -999   A2.5   0  0  0  0  0  0  0
2018 06 18   74     28       20      1    -999   A3.5   0  0  0  1  0  0  0
2018 06 19   77     41       80      1    -999   A5.1   0  0  0  2  0  0  0
2018 06 20   82     54      180      0    -999   A8.1   0  0  0  9  0  0  0
2018 06 21   82     41      190      0    -999   A8.5   1  0  0  1  0  0  0
2018 06 22   80     41      180      0    -999   A9.3   0  0  0  0  0  0  0
2018 06 23   77     34      190      0    -999   A9.3   0  0  0  4  0  0  0
2018 06 24   75     16      100      0    -999   B1.0   0  0  0  2  0  0  0
2018 06 25   73     14       40      0    -999   A6.4   0  0  0  0  0  0  0
2018 06 26   71     12       20      0    -999   A3.8   0  0  0  0  0  0  0
2018 06 27   70      0        0      0    -999   A2.9   0  0  0  1  0  0  0
2018 06 28   70      0        0      0    -999   A2.2   0  0  0  0  0  0  0
2018 06 29   69      0        0      0    -999   A1.8   0  0  0  0  0  0  0
2018 06 30   69      0        0      0    -999   A1.5   0  0  0  0  0  0  0
