:Product: Daily Solar Data         quar_DSD.txt
:Issued: 1425 UT 23 Feb 2022
#
#  Prepared by the U.S. Dept. of Commerce, NOAA, Space Weather Prediction Center
#  Please send comments and suggestions to SWPC.Webmaster@noaa.gov
#
#                Quarterly Daily Solar Data
#
#                         Sunspot       Stanford GOES15
#           Radio  SESC     Area          Solar  X-Ray  ------ Flares ------
#           Flux  Sunspot  10E-6   New     Mean  Bkgd    X-Ray      Optical
#  Date     10.7cm Number  Hemis. Regions Field  Flux   C  M  X  S  1  2  3
#--------------------------------------------------------------------------- 
2022 01 01   94     52      440      1    -999      *   1  1  0  1  0  0  0
2022 01 02   89     25      340      0    -999      *   1  0  0  0  0  0  0
2022 01 03   84     12      140      0    -999      *   0  0  0  0  0  0  0
2022 01 04   86     12       30      1    -999      *   0  0  0  0  0  0  0
2022 01 05   84     24      270      1    -999      *   0  0  0  0  0  0  0
2022 01 06   94     35      270      0    -999      *   1  0  0  6  0  0  0
2022 01 07  107     38      530      0    -999      *   2  0  0  3  0  0  0
2022 01 08  102     31      530      0    -999      *   0  0  0  1  0  0  0
2022 01 09  102     36      540      2    -999      *   0  0  0  0  0  0  0
2022 01 10  102     38      530      0    -999      *   0  0  0  0  0  0  0
2022 01 11  100     51      560      0    -999      *   1  0  0  1  0  0  0
2022 01 12  103     68      590      1    -999      *   0  0  0  0  0  0  0
2022 01 13  106    111      680      3    -999      *   3  0  0  1  0  0  0
2022 01 14  110    112      580      0    -999      *   4  1  0  1  1  0  0
2022 01 15  116    120      830      1    -999      *   5  0  0  0  0  0  1
2022 01 16  116    103      660      1    -999      *   3  0  0  2  0  0  0
2022 01 17  114     99      580      0    -999      *   3  0  0  1  0  0  0
2022 01 18  115     59      600      0    -999      *   2  1  0  2  0  0  0
2022 01 19  105     57      570      0    -999      *   1  0  0  0  0  0  0
2022 01 20   99     60      351      1    -999      *   2  1  0  0  1  0  0
2022 01 21   97     23      200      0    -999      *   0  0  0  0  0  0  0
2022 01 22   95     22      180      0    -999      *   0  0  0  0  0  0  0
2022 01 23   94     22      190      0    -999      *   0  0  0  0  0  0  0
2022 01 24   95     26      170      1    -999      *   2  0  0  0  0  0  0
2022 01 25  101     53      190      2    -999      *   5  0  0  0  0  0  0
2022 01 26  102     71      310      1    -999      *   6  0  0  0  0  0  0
2022 01 27  107     85      280      0    -999      *   2  0  0  2  0  0  0
2022 01 28  113     77      540      0    -999      *   9  0  0  7  0  0  0
2022 01 29  125     74      760      0    -999      *  17  2  0 13  0  0  0
2022 01 30  130     70      930      2    -999      *  12  0  0  5  0  0  0
2022 01 31  130    100     1320      0    -999      *   7  0  0 12  0  0  0
2022 02 01  129     88     1720      0    -999      *  11  0  0  1  0  0  0
2022 02 02  128     75     1400      0    -999      *  10  0  0  5  0  0  0
2022 02 03  127     84     1280      1    -999      *  10  0  0  3  0  0  0
2022 02 04  130     87     1180      0    -999      *   8  0  0  2  0  0  0
2022 02 05  126     91     1180      0    -999      *   8  0  0  1  0  0  0
2022 02 06  124     83      740      1    -999      *   4  0  0  1  0  0  0
2022 02 07  127     78      550      0    -999      *  11  0  0  2  0  0  0
2022 02 08  123     86      590      1    -999      *   2  0  0  1  0  0  0
2022 02 09  126     78      700      0    -999      *   4  0  0  4  0  0  0
2022 02 10  118     78      680      1    -999      *   4  0  0  2  0  0  0
2022 02 11  113     86      570      2    -999      *   3  0  0  2  0  0  0
2022 02 12  111     54      450      0    -999      *   5  1  0  2  0  0  0
2022 02 13  105     53      440      0    -999      *   6  0  0  1  0  0  0
2022 02 14  107     72      530      2    -999      *   1  1  0  3  0  0  0
2022 02 15  114     73      420      0    -999      *   3  1  0  1  0  0  0
2022 02 16  103    111      340      3    -999      *   1  0  0  0  0  0  0
2022 02 17   97    103      190      1    -999      *   3  0  0  1  0  0  0
2022 02 18   93     53      100      0    -999      *   0  0  0  1  0  0  0
2022 02 19   96     51       80      1    -999      *   1  0  0  0  0  0  0
2022 02 20   93     49      120      1    -999      *   1  0  0  0  0  0  0
2022 02 21   98     48      190      1    -999      *   0  0  0  0  0  0  0
2022 02 22   95     38      280      0    -999      *   0  0  0  0  0  0  0
