:Product: Daily Solar Data         quar_DSD.txt
:Issued: 1425 UT 20 Jul 2024
#
#  Prepared by the U.S. Dept. of Commerce, NOAA, Space Weather Prediction Center
#  Please send comments and suggestions to SWPC.Webmaster@noaa.gov
#
#                Quarterly Daily Solar Data
#
#                         Sunspot       Stanford GOES15
#           Radio  SESC     Area          Solar  X-Ray  ------ Flares ------
#           Flux  Sunspot  10E-6   New     Mean  Bkgd    X-Ray      Optical
#  Date     10.7cm Number  Hemis. Regions Field  Flux   C  M  X  S  1  2  3
#--------------------------------------------------------------------------- 
2024 07 01  171    192      880      0    -999      *   8  1  0 12  1  0  0
2024 07 02  164    192      690      0    -999      *  11  0  0  1  0  0  0
2024 07 03  167    182      670      1    -999      *   6  1  0  7  2  0  0
2024 07 04  173    113      730      1    -999      *   6  2  0  5  0  0  0
2024 07 05  166    111      990      1    -999      *   9  0  0  4  0  0  0
2024 07 06  166    132      870      2    -999      *   6  1  0 14  0  0  0
2024 07 07  171    119      650      1    -999      *   8  5  0 18  0  0  0
2024 07 08  169     95      470      1    -999      *  16  1  0 15  0  0  0
2024 07 09  180    143      570      2    -999      *   7  0  0 13  0  0  0
2024 07 10  214    190     1270      1    -999      *   7  5  0 19  3  0  0
2024 07 11  205    188     1440      2    -999      *   5  2  0 11  3  0  0
2024 07 12  210    162     1740      1    -999      *   5  0  0 10  0  0  0
2024 07 13  238    214     1960      3    -999      *   5  6  0 17  2  1  0
2024 07 14  234    217     2050      1    -999      *  12  4  1 34  3  0  0
2024 07 15  233    205     1890      2    -999      *   5  3  0 20  1  0  0
2024 07 16  242    250     1540      3    -999      *   3  4  1  7  6  0  0
2024 07 17  224    275     1190      2    -999      *   4  5  0 11  1  1  0
2024 07 18  209    276     1230      1    -999      *  12  2  0 20  1  0  0
2024 07 19  202    269     1040      1    -999      *   6  3  0 16  2  1  0
