:Product: Daily Geomagnetic Data     quar_DGD.txt
:Issued: 1530 UT 20 Jul 2024
#
#  Prepared by the U.S. Dept. of Commerce, NOAA, Space Weather Prediction Center
#  Please send comment and suggestions to SWPC.Webmaster@noaa.gov
#
#             Current Quarter Daily Geomagnetic Data
#
#
#                Middle Latitude        High Latitude            Estimated
#              - Fredericksburg -     ---- College ----      --- Planetary ---
#  Date        A     K-indices        A     K-indices        A     K-indices
2024 07 01     5  1 1 2 2 2 2 1 1    14  2 3 4 4 3 3 1 1     6   1.67  1.67  2.00  2.00  2.00  1.67  0.67  1.00
2024 07 02     6  1 2 1 2 3 1 1 2     4  2 2 1 0 2 0 1 1     5   1.33  1.67  1.33  1.33  1.67  0.67  1.33  1.33
2024 07 03     6  1 1 2 2 2 2 2 2     3  2 2 1 0 1 0 1 1     5   2.00  1.33  2.00  1.33  1.00  1.00  1.00  2.00
2024 07 04    10  2 3 2 2 2 2 3 3    15  2 2 2 1 4 5 3 1    10   2.00  2.33  1.67  1.33  2.00  3.00  3.00  2.67
2024 07 05    10  3 3 2 3 3 2 1 1     7  2 3 2 2 2 1 1 1     8   2.33  2.67  1.67  2.33  3.00  2.00  1.00  1.00
2024 07 06     4  1 1 1 1 2 1 1 1     2  1 1 1 0 0 0 1 1     3   1.00  1.00  0.67  0.67  0.67  0.67  0.33  1.00
2024 07 07     7  2 1 2 1 2 2 2 3     5  2 2 2 0 1 1 2 2     8   2.00  1.67  1.67  1.00  1.67  1.33  2.67  3.00
2024 07 08    11  2 2 2 3 4 2 2 2    14  3 2 2 5 3 2 2 2    10   2.33  2.33  2.00  3.00  3.33  2.00  1.67  2.00
2024 07 09     8  2 2 1 2 3 2 2 2     9  2 2 1 4 3 1 1 1     6   2.00  2.00  1.33  2.00  2.33  1.00  1.33  2.00
2024 07 10     8  2 2 2 2 2 2 3 2     5  2 2 1 2 1 1 1 1     6   2.00  1.67  1.33  1.67  1.33  1.67  1.33  2.33
2024 07 11     7  2 2 2 2 2 2 2 2     4  1 2 2 0 1 1 1 1     6   2.33  1.67  1.67  1.33  1.67  1.33  1.33  2.00
2024 07 12     7  2 2 2 2 2 1 2 2     6  2 2 3 1 1 1 1 1     5   2.33  1.67  2.00  1.33  1.00  1.00  1.00  1.00
2024 07 13     6  1 1 1 1 3 2 2 1     2  1 1 1 0 1 0 1 1     4   1.33  1.00  1.00  0.67  1.67  1.00  1.33  1.00
2024 07 14     9  1 1 1 3 3 2 3 2     2  1 0 0 1 1 0 1 1     5   1.00  1.00  1.00  2.00  1.67  0.67  1.67  2.00
2024 07 15     8  1 1 2 1 3 2 2 3     3  1 2 1 0 0 0 1 2     7   1.33  1.67  1.67  1.33  1.33  1.00  1.67  3.00
2024 07 16    12  3 2 2 2 4 3 2 2     8  3 2 2 2 1 2 2 2    10   3.33  2.00  2.33  1.67  2.00  2.67  2.33  2.33
2024 07 17     7  1 2 2 1 3 2 2 1     7  1 3 2 2 3 2 1 0     5   1.33  1.67  2.00  1.33  2.00  1.00  1.33  0.67
2024 07 18     4  0 0 1 2 2 1 2 1     4  1 1 2 1 2 1 1 0     5   1.00  1.00  1.67  1.67  1.33  1.33  1.00  1.00
2024 07 19     5  1 1 1 2 2 1 2 2     3  0 1 1 1 1 1 1 1     5   1.00  1.33  1.67  1.33  1.33  1.00  1.67  1.67
2024 07 20    -1  2 2 2 2 2-1-1-1    -1  2 2 2 3 1-1-1-1     6   2.33  2.00  2.00  2.00  1.33 -1.00 -1.00 -1.00
