:Product: Daily Solar Data         quar_DSD.txt
:Issued: 2026 UT 07 Apr 2025
#
#  Prepared by the U.S. Dept. of Commerce, NOAA, Space Weather Prediction Center
#  Please send comments and suggestions to SWPC.Webmaster@noaa.gov
#
#                Quarterly Daily Solar Data
#
#                         Sunspot       Stanford GOES15
#           Radio  SESC     Area          Solar  X-Ray  ------ Flares ------
#           Flux  Sunspot  10E-6   New     Mean  Bkgd    X-Ray      Optical
#  Date     10.7cm Number  Hemis. Regions Field  Flux   C  M  X  S  1  2  3
#--------------------------------------------------------------------------- 
2025 01 01  219    163     1200      2    -999      *  10  4  0  6  1  0  0
2025 01 02  212    173     1270      2    -999      *   3  1  0  6  1  0  0
2025 01 03  200    190     1370      1    -999      *   6  3  2  3  3  0  0
2025 01 04  209    193     1245      3    -999      *   9  3  1  7  2  0  0
2025 01 05  169    178      830      0    -999      *   5  4  0  9  0  2  0
2025 01 06  172    154      720      0    -999      *  11  3  0  9  2  0  0
2025 01 07  168    113      540      0    -999      *   5  1  0  2  0  0  0
2025 01 08  160    113      540      1    -999      *   7  0  0  4  0  0  0
2025 01 09  162    126      600      1    -999      *   6  1  0  0  0  0  0
2025 01 10  157    105      650      2    -999      *   6  1  0  5  1  0  0
2025 01 11  156     85      580      0    -999      *   4  0  0  0  0  0  0
2025 01 12  158     99      765      2    -999      *   3  0  0  0  0  0  0
2025 01 13  160    100      970      1    -999      *   6  0  0  1  0  0  0
2025 01 14  166    106     1030      2    -999      *   7  0  0  4  0  0  0
2025 01 15  174    102      890      1    -999      *   7  0  0  2  0  0  0
2025 01 16  208    105     1240      2    -999      *   7  0  0  5  0  0  0
2025 01 17  227    149     1975      2    -999      *  18  9  0 11  1  0  0
2025 01 18  222    128     2050      0    -999      *  12  2  0  9  2  0  0
2025 01 19  234    143     2030      2    -999      *  13  1  0  3  0  0  0
2025 01 20  230    277     2130      2    -999      *   6  0  0  4  0  0  0
2025 01 21  225    251     1860      0    -999      *   4  1  0  6  0  0  0
2025 01 22  214    158     1430      1    -999      *   5  1  0  0  1  0  0
2025 01 23  215    169     1400      0    -999      *  10  0  0  7  1  0  0
2025 01 24  205    131      940      0    -999      *   5  1  0  9  1  0  0
2025 01 25  182    131      810      1    -999      *  11  0  0  2  0  0  0
2025 01 26  171    140      690      1    -999      *   7  0  0  0  0  0  0
2025 01 27  162    146      535      3    -999      *   3  1  0  0  0  0  0
2025 01 28  171    128      460      1    -999      *   5  1  0  0  0  0  0
2025 01 29  173    161      540      1    -999      *  10  1  0  0  0  0  0
2025 01 30  184    144      560      2    -999      *   9  0  0  1  0  0  0
2025 01 31  207    141      660      0    -999      *  13  3  0 13  1  0  0
2025 02 01  188    145      660      0    -999      *   8  1  0  0  0  0  0
2025 02 02  216    156      910      1    -999      *  14  6  0  1  1  0  0
2025 02 03  220    153      890      0    -999      *  10 10  0  7  0  2  0
2025 02 04  212    194     1215      3    -999      *  13  5  0 10  0  0  0
2025 02 05  191    159      990      1    -999      *  17  2  0 12  1  0  0
2025 02 06  188    169      760      1    -999      *  14  2  0 14  3  0  0
2025 02 07  182    179     1120      1    -999      *  11  3  0  1  0  0  0
2025 02 08  173    168      870      0    -999      *  14  1  0  7  0  0  0
2025 02 09  163    142      685      1    -999      *   6  0  0  1  0  0  0
2025 02 10  159    104      840      1    -999      *   5  1  0  2  0  0  0
2025 02 11  153     91      690      1    -999      *   8  1  0  0  0  0  0
2025 02 12  166     88      800      1    -999      *   3  0  0  0  0  0  0
2025 02 13  173    112     1200      2    -999      *   7  1  0 10  0  0  0
2025 02 14  179    111     1020      1    -999      *   4  3  0  5  2  0  0
2025 02 15  184    153     1120      2    -999      *   9  0  0  2  0  0  0
2025 02 16  185    271     1270      2    -999      *   9  0  0  1  0  0  0
2025 02 17  185    218     1550      0    -999      *  17  1  0  9  0  0  0
2025 02 18  178    187     1465      0    -999      *  11  0  0  0  0  0  0
2025 02 19  178    119     1315      0    -999      *   6  0  0  1  0  0  0
2025 02 20  184    123     1335      0    -999      *   6  0  0  0  0  0  0
2025 02 21  197    138     1240      1    -999      *   6  2  0 11  2  0  0
2025 02 22  199    215     1230      6    -999      *  15  0  0 11  0  0  0
2025 02 23  210    186     1150      0    -999      *   7  4  1  7  0  0  0
2025 02 24  203    182     1410      1    -999      *   4  4  0  1  1  0  0
2025 02 25  190    155     1290      1    -999      *   2  2  0  6  1  0  0
2025 02 26  180    123     1000      0    -999      *   6  0  0  1  0  0  0
2025 02 27  164    129      830      0    -999      *   4  0  0  0  0  0  0
2025 02 28  157    104      290      2    -999      *   9  0  0  4  0  0  0
2025 03 01  152    105      410      0    -999      *   7  0  0  2  0  0  0
2025 03 02  151    139      520      3    -999      *   9  0  0  2  0  0  0
2025 03 03  163     99      660      1    -999      *   7  0  0  3  0  0  0
2025 03 04  161    134      560      2    -999      *  12  0  0  2  0  0  0
2025 03 05  157    147      730      2    -999      *   5  1  0  1  0  0  0
2025 03 06  150    139      720      0    -999      *   3  0  0  0  0  0  0
2025 03 07  147    109      480      1    -999      *   4  1  0  1  0  0  0
2025 03 08  148     90      450      0    -999      *   7  0  0  1  0  0  0
2025 03 09  148     73      450      1    -999      *   3  0  0  0  0  0  0
2025 03 10  149     74      500      1    -999      *   5  0  0  0  0  0  0
2025 03 11  161    128      610      3    -999      *   4  1  0  5  0  0  0
2025 03 12  160    160      640      3    -999      *  21  0  0  3  0  0  0
2025 03 13  175    160      690      0    -999      *  12  0  0  1  1  0  0
2025 03 14  180    147      520      0    -999      *   9  1  0  0  0  0  0
2025 03 15  178    185      870      5    -999      *   8  0  0  1  0  0  0
2025 03 16  186    190      750      1    -999      *   9  0  0  8  0  0  0
2025 03 17  204    189      620      0    -999      *  11  1  0  4  3  0  0
2025 03 18  184    191      740      1    -999      *   4  0  0  0  0  0  0
2025 03 19  180    170      650      0    -999      *   4  1  0  4  1  0  0
2025 03 20  170    139      530      0    -999      *   3  0  0  3  0  0  0
2025 03 21  165    178      760      4    -999      *   2  1  0  1  1  0  0
2025 03 22  178    177      710      3    -999      *   1  0  0  4  0  0  0
2025 03 23  168    110      430      0    -999      *   6  0  0  3  0  0  0
2025 03 24  156     85      400      0    -999      *   6  0  0  5  0  0  0
2025 03 25  156     58      440      1    -999      *   9  0  0  4  0  0  0
2025 03 26  152     63      415      0    -999      *   8  1  0  0  0  0  0
2025 03 27  153     72      180      2    -999      *   9  1  0  2  0  0  0
2025 03 28  160     80      440      2    -999      *   4  3  1  1  0  0  0
2025 03 29  157    107      560      1    -999      *  15  2  0  1  0  0  0
2025 03 30  171    111      810      0    -999      *  12  6  0 12  2  0  0
2025 03 31  172    151      950      1    -999      *  20  1  0  9  0  0  0
