:Product: Daily Geomagnetic Data     quar_DGD.txt
:Issued: 2131 UT 07 Apr 2025
#
#  Prepared by the U.S. Dept. of Commerce, NOAA, Space Weather Prediction Center
#  Please send comment and suggestions to SWPC.Webmaster@noaa.gov
#
#             Current Quarter Daily Geomagnetic Data
#
#
#                Middle Latitude        High Latitude            Estimated
#              - Fredericksburg -     ---- College ----      --- Planetary ---
#  Date        A     K-indices        A     K-indices        A     K-indices
2025 01 01    48  3 4 4 5 6 6 6 4   113  2 6 5 7 8 8 7 2    86   4.00  5.33  5.00  6.33  6.67  8.00  6.67  4.33
2025 01 02    14  3 3 2 4 3 3 2 2    51  3 1 4 7 6 6 5 3    22   3.67  2.67  3.33  4.67  4.00  4.00  3.33  3.00
2025 01 03     7  2 3 3 1 1 2 1 1     3  1 1 2 2 0 1 1 0     9   3.33  3.00  2.67  1.67  0.67  1.00  1.33  1.67
2025 01 04    21  2 4 4 4 4 4 3 2    62  1 5 7 6 5 6 6 3    32   2.67  4.67  5.00  4.33  3.33  4.67  5.00  3.67
2025 01 05    12  2 2 3 3 3 3 3 2    34  3 2 3 5 6 5 5 2    20   3.67  2.67  3.00  3.67  3.33  4.00  4.00  3.00
2025 01 06    13  3 4 3 2 3 2 2 2    20  2 2 3 5 5 4 2 1    15   3.33  4.00  3.00  2.67  2.67  3.00  2.33  2.33
2025 01 07     8  1 2 2 2 2 3 2 2    24  1 2 6 5 3 4 2 2    12   2.33  2.67  2.67  2.67  2.33  3.33  2.67  2.33
2025 01 08     6  3 2 1 1 1 2 2 1     6  2 1 1 0 4 2 1 0     8   3.67  2.33  1.67  0.67  1.67  2.33  1.33  1.00
2025 01 09     9  1 0 2 3 4 2 2 2    18  0 0 2 5 5 4 2 1    10   2.00  1.00  2.00  2.67  3.67  3.00  2.33  1.67
2025 01 10    11  2 3 1 3 3 2 2 3    18  0 3 2 5 5 3 2 2    12   1.33  3.33  1.67  3.00  3.00  1.67  2.67  3.67
2025 01 11     5  2 0 0 1 2 3 2 1     7  2 0 0 3 3 3 2 0     7   2.67  0.67  1.00  1.67  1.67  3.00  2.00  0.67
2025 01 12     6  1 2 2 1 2 2 1 2     7  0 1 2 4 3 1 1 0     7   1.33  2.00  2.00  1.67  2.00  1.33  1.67  2.33
2025 01 13     9  3 2 2 2 2 3 2 1    10  2 1 2 4 2 3 2 2    11   4.00  2.33  1.67  2.33  2.00  2.33  2.67  2.00
2025 01 14    10  2 2 3 2 2 3 3 2    10  2 2 3 3 3 2 2 2    12   2.67  2.33  2.67  2.00  2.00  2.67  3.33  3.00
2025 01 15    11  3 2 3 2 3 3 2 1    25  2 4 5 3 5 5 2 1    16   3.67  3.67  3.33  2.67  3.00  3.33  2.67  2.00
2025 01 16    11  2 3 1 2 3 3 3 2    21  2 4 2 3 5 4 4 2    14   3.00  3.33  2.00  2.33  3.00  3.00  3.33  3.00
2025 01 17    14  3 3 3 3 3 2 3 3    29  3 3 3 5 5 5 3 4    21   3.33  3.67  3.67  3.00  3.33  3.33  4.00  4.00
2025 01 18     8  2 1 2 2 2 3 2 2    16  2 2 4 4 4 3 2 2    10   2.67  2.00  2.67  2.00  2.67  2.33  2.33  2.33
2025 01 19     9  1 1 3 3 3 2 2 2    23  1 2 4 5 4 4 4 3    15   1.33  2.33  3.67  3.00  3.33  2.67  3.00  3.67
2025 01 20    13  3 2 3 2 4 3 2 2    38  3 2 3 5 7 5 4 2    20   4.00  3.33  3.00  3.00  4.33  3.33  3.00  3.33
2025 01 21     6  1 2 1 1 2 2 2 2    13  2 2 1 4 3 4 2 2    11   2.33  3.33  2.00  1.67  1.33  2.67  3.00  2.67
2025 01 22     7  3 1 2 2 2 1 1 2    16  3 2 4 5 3 2 1 1    10   3.33  2.33  3.00  2.33  2.00  1.33  1.00  3.00
2025 01 23     7  2 1 0 2 2 3 2 2     9  2 1 1 2 3 3 3 2    10   3.00  1.33  0.67  1.33  1.67  3.33  3.33  2.33
2025 01 24     6  1 1 2 1 2 2 2 2     5  1 1 3 2 2 1 0 1     7   1.00  1.67  2.67  1.33  2.00  1.33  1.67  2.33
2025 01 25     2  0 0 0 1 2 1 1 1     1  0 0 0 1 0 1 0 0     3   0.67  0.33  1.00  0.67  0.67  1.33  0.67  0.67
2025 01 26     2  0 1 0 0 1 2 1 1     0  0 0 0 0 0 0 0 0     3   0.67  1.00  0.33  0.67  0.67  0.67  0.67  0.67
2025 01 27     6  0 1 1 2 2 2 2 3    12  0 0 1 3 4 5 1 1     8   0.33  0.33  1.67  2.33  2.00  3.00  2.00  2.67
2025 01 28     8  2 1 0 2 3 3 2 2    19  0 0 0 3 6 3 4 3    12   2.33  1.67  0.67  2.33  3.00  3.00  3.67  3.00
2025 01 29     6  2 1 1 2 2 1 2 2    12  1 2 1 4 4 4 1 0     7   2.67  1.00  1.00  2.33  2.33  1.67  1.33  1.67
2025 01 30     4  1 1 0 0 2 1 2 2     2  0 0 0 0 0 1 2 2     6   1.33  1.00  0.67  1.00  1.00  1.33  2.00  2.67
2025 01 31     5  1 1 0 1 2 2 2 2     9  1 0 0 4 4 2 1 1     8   1.67  1.00  1.33  1.67  2.33  2.00  2.33  3.00
2025 02 01    21  4 3 3 3 4 4 4 3    46  2 2 3 3 7 7 4 3    26   4.00  3.67  3.67  3.00  4.33  4.00  4.33  4.00
2025 02 02    18  2 4 3 3 4 4 3 2    40  2 2 5 6 6 6 2 2    21   3.67  4.00  3.67  3.33  4.00  4.33  2.67  2.00
2025 02 03     4  1 0 0 1 3 2 1 1     0  1 0 0 0 0 0 0 0     4   1.67  0.67  1.00  1.33  0.67  0.67  0.33  1.00
2025 02 04     4  1 1 1 1 2 2 2 0     5  0 0 1 4 1 0 0 1     5   1.00  1.00  1.67  1.67  0.67  1.00  1.33  1.00
2025 02 05     6  1 2 0 1 2 3 2 1     4  0 0 0 2 2 3 1 0     6   1.00  2.00  1.00  1.67  1.67  2.67  1.33  2.00
2025 02 06     9  2 3 2 0 3 3 2 2    11  1 1 1 3 5 2 1 1     9   2.33  3.00  2.33  1.33  2.67  2.33  1.67  1.33
2025 02 07     2  0 1 0 1 1 2 1 0     0  0 0 1 0 0 0 0 0     4   0.67  0.33  0.67  1.33  0.67  1.33  1.00  0.67
2025 02 08     9  0 3 3 2 3 2 2 1    30  0 1 6 5 6 4 1 0    11   1.00  2.67  3.67  3.00  3.33  2.00  1.67  1.33
2025 02 09    14  1 2 2 2 3 3 4 4    28  1 1 3 3 5 6 5 3    18   1.33  2.00  2.00  2.33  3.00  4.00  4.67  4.33
2025 02 10    17  4 1 3 4 3 3 3 3    31  4 2 5 5 4 5 4 3    24   4.67  2.33  4.00  4.00  3.33  4.00  3.33  4.00
2025 02 11    10  3 2 2 3 2 3 2 2    21  3 3 3 4 4 5 3 2    17   4.00  3.00  3.33  3.33  2.33  3.33  3.00  3.00
2025 02 12    12  3 3 2 3 3 2 3 2    23  3 3 3 5 4 5 2 2    17   3.33  4.00  3.00  3.33  2.67  3.00  3.00  2.67
2025 02 13    19  3 4 3 4 3 2 3 4    37  2 4 5 6 6 4 3 3    23   3.33  4.33  3.67  4.00  3.67  2.67  3.67  4.33
2025 02 14    20  4 4 3 3 4 3 3 3    44  4 5 5 3 6 6 4 4    27   4.67  4.33  3.67  3.00  4.67  3.33  3.67  4.00
2025 02 15    20  2 3 3 4 4 4 3 4    55  3 3 3 7 5 7 5 3    28   3.67  3.67  3.33  5.00  3.33  4.67  3.67  4.33
2025 02 16    14  2 3 3 3 3 2 2 4    28  2 3 5 6 3 4 3 3    18   3.00  3.67  3.33  3.33  3.00  2.67  3.33  4.00
2025 02 17    11  2 3 2 2 3 3 2 3    20  2 2 2 4 5 5 2 2    15   3.00  3.33  2.00  2.33  3.33  4.00  2.33  3.33
2025 02 18    10  3 2 1 1 1 3 1 4    12  3 4 2 0 1 3 3 3    14   3.67  3.33  2.00  1.00  1.00  2.67  1.33  4.67
2025 02 19    13  4 2 3 2 2 2 3 3    19  4 3 5 3 2 2 3 3    20   5.00  3.33  4.33  1.67  1.67  2.33  3.67  3.33
2025 02 20     5  3 2 1 0 2 1 0 1     4  3 2 1 1 0 0 0 0     7   3.67  2.67  1.33  0.67  1.00  0.33  0.33  0.67
2025 02 21     6  3 0 1 1 2 2 2 1     3  1 0 1 1 3 0 0 0     6   3.00  0.67  1.00  1.33  1.67  0.67  0.67  2.00
2025 02 22     3  2 0 0 0 2 2 1 1     5  2 0 1 3 3 0 1 0     7   3.00  0.67  0.67  1.33  2.00  1.33  1.33  2.33
2025 02 23     6  2 1 1 1 1 2 2 3     2  1 1 1 2 0 0 0 1     7   3.00  1.67  1.00  1.00  0.33  1.00  1.33  3.00
2025 02 24    10  3 1 2 2 3 2 3 2    17  1 0 0 5 4 3 4 3    14   3.33  1.33  1.33  3.00  3.00  2.00  4.33  2.67
2025 02 25    11 -1-1-1-1-1-1 2 3    11 -1-1-1-1-1-1 3 2     9   1.67  2.00  1.67  1.67  1.00  1.67  3.00  3.33
2025 02 26    13  2 3 2 2 4 3 3 2    33  1 4 3 6 4 5 5 3    16   3.00  3.67  3.00  2.67  3.00  3.33  3.33  2.33
2025 02 27    24  3 3 3 5 4 4 3 4    54  3 5 4 7 6 6 4 3    33   4.00  4.33  3.33  5.67  4.00  4.67  3.33  4.33
2025 02 28    21  4 3 3 3 5 4 3 2    51  4 4 5 6 6 6 5 3    32   5.00  4.00  4.33  3.67  4.67  4.67  4.33  3.00
2025 03 01    11  1 3 3 3 3 2 2 2    41  2 4 7 6 5 2 3 2    19   2.33  4.00  4.00  4.00  3.67  2.00  3.33  3.00
2025 03 02     5  1 1 2 1 2 2 2 1     5  2 1 2 3 2 0 0 0     6   2.00  1.67  2.33  1.67  1.67  0.67  1.00  0.67
2025 03 03     5  1 1 1 1 2 2 2 2     2  1 0 0 2 0 1 1 1     5   1.67  1.00  1.00  1.67  0.67  1.00  1.33  1.33
2025 03 04     7  1 2 2 1 2 2 2 3     7  0 1 0 2 2 1 2 4    11   1.67  2.33  1.67  1.33  2.00  2.00  3.00  4.33
2025 03 05     4 -1-1-1-1-1-1 0 2    21  3 3 5 4 4 4 2 1    13   3.67  3.33  2.67  2.67  2.00  3.00  2.00  2.33
2025 03 06     6  2 1 2 2 1 2 2 1     5  2 1 2 2 0 1 2 1     7   2.33  1.67  2.67  2.00  0.33  1.33  2.33  1.67
2025 03 07     9  1 2 2 3 3 3 2 1    18  1 1 3 5 3 5 3 0    11   1.00  2.67  2.67  3.33  2.33  2.67  2.67  1.33
2025 03 08    15  2 2 3 3 3 3 3 4    25  1 3 5 5 3 3 4 4    21   2.33  3.00  3.67  3.33  2.33  3.33  4.67  4.67
2025 03 09    24  4 4 3 5 4 3 3 3    49  4 5 4 7 6 5 2 3    35   4.67  5.67  4.00  5.67  4.33  3.00  2.67  3.33
2025 03 10     8  3 1 2 2 3 2 1 2    18  3 2 4 5 4 3 1 1    10   3.00  2.00  2.33  2.67  2.33  2.67  1.00  2.33
2025 03 11     9  2 2 2 3 3 2 2 2    13  1 2 3 4 4 3 1 1    10   2.33  2.33  2.33  2.67  3.00  1.67  1.67  2.67
2025 03 12    18  3 3 3 3 4 3 3 4    51  3 4 4 6 6 6 6 3    32   3.67  3.67  3.33  4.00  4.33  4.67  5.00  5.00
2025 03 13    26  4 4 4 4 4 3 4 4    44  4 4 6 5 6 4 5 3    42   5.00  5.00  5.00  4.67  5.00  3.67  5.00  4.33
2025 03 14    22  5 1-1-1-1 4 3 3    29  5 4 4 4 4 5 3 3    25   5.67  3.33  3.67  3.00  3.00  3.67  3.00  3.67
2025 03 15    14  3 3 3 3 4 3 2 1    29  3 2 5 6 4 5 1 1    18   4.00  3.67  3.33  3.67  3.67  3.33  1.67  1.33
2025 03 16    10  1 2 2 3 3 3 2 2    21  2 2 3 5 6 2 1 1    11   2.00  2.33  2.67  2.67  3.33  1.33  2.33  2.67
2025 03 17    14  3 3 3 2 4 2 3 2    23  3 3 4 3 5 5 2 2    16   3.33  3.33  3.00  2.00  3.33  2.67  3.67  3.00
2025 03 18    13  3 3 2 2 4 3 2 2    18  2 4 3 3 5 3 2 2    12   3.33  3.33  2.33  2.00  3.33  2.67  1.67  2.33
2025 03 19    19  2 4 4 3 4 4 3 2    42  2 4 7 4 4 5 5 3    23   2.33  4.33  4.33  3.00  3.00  3.67  4.67  3.33
2025 03 20     5  1 2 2 1 2 1 1 1     7  2 2 2 3 3 1 1 0     6   2.00  2.00  2.00  1.67  1.67  0.67  1.33  2.00
2025 03 21    16  3 3 2 2 3 3 4 4    16  3 3 2 3 3 3 4 3    25   3.33  3.00  2.33  2.33  2.67  4.00  5.33  5.33
2025 03 22    20  4 4 2 3 4 3 3 4    33  4 3 3 3 6 6 3 3    33   5.67  5.00  3.00  3.00  4.00  4.33  3.33  4.67
2025 03 23     9  3 1 3 1 3 2 2 2    15  3 2 5 3 3 2 2 1    10   4.00  2.00  3.33  1.67  2.00  1.33  2.00  1.33
2025 03 24    18  4 4 2 3 5 2 2 1    29  2 4 4 6 5 4 2 2    19   4.33  4.33  2.67  3.67  4.00  3.00  2.00  1.67
2025 03 25    13  3 2 3 3 3 2 3 3    29  2 3 4 6 3 5 4 3    15   3.33  2.33  3.00  3.00  2.33  2.67  4.00  3.33
2025 03 26    26  4 3 2 2 5 4 5 4    43  4 4 2 4 6 6 5 5    46   4.67  4.33  2.33  3.33  5.67  5.67  6.33  4.67
2025 03 27    20  3 3 4 3 4 4 3 3    47  4 3 6 5 6 6 4 3    33   4.00  4.67  4.67  4.00  4.67  5.00  3.67  3.67
2025 03 28    13  2 3 3 2 3 4 2 2    18  3 2 4 4 4 3 2 3    16   2.67  3.33  3.33  2.33  3.00  3.33  2.67  3.67
2025 03 29    10  3 3 1 3 3 2 2 1     6  3 3 1 2 1 2 0 0     9   3.33  3.67  1.67  2.00  1.67  1.33  0.67  1.00
2025 03 30     8  2 2 3 2 2 2 2 1     5  2 1 2 1 2 1 1 1     7   2.00  2.33  2.67  1.67  1.33  1.00  1.33  1.00
2025 03 31     8  1 1 2 3 3 2 2 1     6  0 1 2 4 2 1 1 0    13   1.00  2.00  2.00  2.67  1.67  1.33  1.33  1.00
